Time,Temperature
Time,Temperature
1.999730e-11 2.931500e+02 -1.117587e-10 -1.162291e-09 5.140901e-10
3.999460e-11 2.931500e+02 -1.117587e-10 -1.162291e-09 5.140901e-10
5.999190e-11 2.931500e+02 -1.117587e-10 -1.162291e-09 5.140901e-10
7.998919e-11 2.931500e+02 -1.117587e-10 -1.162291e-09 5.140901e-10
9.998649e-11 2.931500e+02 -1.117587e-10 -1.162291e-09 5.140901e-10
1.199838e-10 2.931500e+02 -1.117587e-10 -1.162291e-09 5.140901e-10
1.399811e-10 2.931500e+02 -1.117587e-10 -1.162291e-09 5.140901e-10
1.599784e-10 2.931500e+02 -1.117587e-10 -1.162291e-09 5.140901e-10
1.799757e-10 2.931500e+02 -1.117587e-10 -1.162291e-09 5.140901e-10
1.999730e-10 2.931500e+02 -1.117587e-10 -1.162291e-09 5.140901e-10
2.199703e-10 2.931500e+02 -1.117587e-10 -1.162291e-09 5.140901e-10
2.399676e-10 2.931500e+02 -1.117587e-10 -1.162291e-09 5.140901e-10
2.599649e-10 2.931500e+02 -1.117587e-10 -1.162291e-09 5.140901e-10
2.799622e-10 2.931500e+02 -1.117587e-10 -1.162291e-09 5.140901e-10
2.999595e-10 2.931500e+02 -1.117587e-10 -1.162291e-09 5.140901e-10
3.199568e-10 2.931500e+02 -1.117587e-10 -1.162291e-09 5.140901e-10
3.399541e-10 2.931500e+02 -1.117587e-10 -1.162291e-09 5.140901e-10
3.599514e-10 2.931500e+02 -1.117587e-10 -1.162291e-09 5.140901e-10
3.799487e-10 2.931500e+02 -1.117587e-10 -1.162291e-09 5.140901e-10
3.999460e-10 2.931500e+02 -1.117587e-10 -1.162291e-09 5.140901e-10
4.199433e-10 2.931500e+02 -1.117587e-10 -1.162291e-09 5.140901e-10
4.399406e-10 2.931500e+02 -1.117587e-10 -1.162291e-09 5.140901e-10
4.599379e-10 2.931500e+02 -1.117587e-10 -1.162291e-09 5.140901e-10
4.799352e-10 2.931500e+02 -1.117587e-10 -1.162291e-09 5.140901e-10
4.999325e-10 2.931500e+02 -1.117587e-10 -1.162291e-09 5.140901e-10
5.199298e-10 2.931500e+02 -1.117587e-10 -1.162291e-09 5.140901e-10
5.399271e-10 2.931500e+02 -1.117587e-10 -1.162291e-09 5.140901e-10
5.599244e-10 2.931500e+02 -1.117587e-10 -1.162291e-09 5.140901e-10
5.799217e-10 2.931500e+02 -1.117587e-10 -1.162291e-09 5.140901e-10
5.999190e-10 2.931500e+02 -1.117587e-10 -1.162291e-09 5.140901e-10
6.199163e-10 2.931500e+02 -1.117587e-10 -1.162291e-09 5.140901e-10
6.399135e-10 2.931500e+02 -1.117587e-10 -1.162291e-09 5.140901e-10
6.599108e-10 2.931500e+02 -1.117587e-10 -1.162291e-09 5.140901e-10
6.799081e-10 2.931500e+02 -1.117587e-10 -1.162291e-09 5.140901e-10
6.999054e-10 2.931500e+02 -1.117587e-10 -1.162291e-09 5.140901e-10
7.199027e-10 2.931500e+02 -1.117587e-10 -1.162291e-09 5.140901e-10
7.399000e-10 2.931500e+02 -1.117587e-10 -1.162291e-09 5.140901e-10
7.598973e-10 2.931500e+02 -1.117587e-10 -1.162291e-09 5.140901e-10
7.798946e-10 2.931500e+02 -1.117587e-10 -1.162291e-09 5.140901e-10
7.998919e-10 2.931500e+02 -1.117587e-10 -1.162291e-09 5.140901e-10
8.198892e-10 2.931500e+02 -1.117587e-10 -1.162291e-09 5.140901e-10
8.398865e-10 2.931500e+02 -1.117587e-10 -1.162291e-09 5.140901e-10
8.598838e-10 2.931500e+02 -1.117587e-10 -1.162291e-09 5.140901e-10
8.798811e-10 2.931500e+02 -1.117587e-10 -1.162291e-09 5.140901e-10
8.998784e-10 2.931500e+02 -1.117587e-10 -1.162291e-09 5.140901e-10
9.198757e-10 2.931500e+02 -1.117587e-10 -1.162291e-09 5.140901e-10
9.398730e-10 2.931500e+02 -1.117587e-10 -1.162291e-09 5.140901e-10
9.598703e-10 2.931500e+02 -1.117587e-10 -1.162291e-09 5.140901e-10
9.798676e-10 2.931500e+02 -1.117587e-10 -1.162291e-09 5.140901e-10
9.998649e-10 2.931500e+02 -1.117587e-10 -1.162291e-09 5.140901e-10
1.019862e-09 2.931500e+02 -1.117587e-10 -1.162291e-09 5.140901e-10
1.039860e-09 2.931500e+02 -1.117587e-10 -1.162291e-09 5.140901e-10
1.059857e-09 2.931500e+02 -1.117587e-10 -1.162291e-09 5.140901e-10
1.079854e-09 2.931500e+02 -1.117587e-10 -1.162291e-09 5.140901e-10
1.099851e-09 2.931500e+02 -1.117587e-10 -1.162291e-09 5.140901e-10
1.119849e-09 2.931500e+02 -1.117587e-10 -1.162291e-09 5.140901e-10
1.139846e-09 2.931500e+02 -1.117587e-10 -1.162291e-09 5.140901e-10
1.159843e-09 2.931500e+02 -1.117587e-10 -1.162291e-09 5.140901e-10
1.179841e-09 2.931500e+02 -1.117587e-10 -1.162291e-09 5.140901e-10
1.199838e-09 2.931500e+02 -1.117587e-10 -1.162291e-09 5.140901e-10
1.219835e-09 2.931500e+02 -1.117587e-10 -1.162291e-09 5.140901e-10
1.239833e-09 2.931500e+02 -1.117587e-10 -1.162291e-09 5.140901e-10
1.259830e-09 2.931500e+02 -1.117587e-10 -1.162291e-09 5.140901e-10
1.279827e-09 2.931500e+02 -1.117587e-10 -1.162291e-09 5.140901e-10
1.299824e-09 2.931500e+02 -1.117587e-10 -1.162291e-09 5.140901e-10
1.319822e-09 2.931500e+02 -1.117587e-10 -1.162291e-09 5.140901e-10
1.339819e-09 2.931500e+02 -1.117587e-10 -1.162291e-09 5.140901e-10
1.359816e-09 2.931500e+02 -1.117587e-10 -1.162291e-09 5.140901e-10
1.379814e-09 2.931500e+02 -1.117587e-10 -1.162291e-09 5.140901e-10
1.399811e-09 2.931500e+02 -1.117587e-10 -1.162291e-09 5.140901e-10
1.419808e-09 2.931500e+02 -1.117587e-10 -1.162291e-09 5.140901e-10
1.439805e-09 2.931500e+02 -1.117587e-10 -1.162291e-09 5.140901e-10
1.459803e-09 2.931500e+02 -1.117587e-10 -1.162291e-09 5.140901e-10
1.479800e-09 2.931500e+02 -1.117587e-10 -1.162291e-09 5.140901e-10
1.499797e-09 2.931500e+02 -1.117587e-10 -1.162291e-09 5.140901e-10
1.519795e-09 2.931500e+02 -1.117587e-10 -1.162291e-09 5.140901e-10
1.539792e-09 2.931500e+02 -1.117587e-10 -1.162291e-09 5.140901e-10
1.559789e-09 2.931500e+02 -1.117587e-10 -1.162291e-09 5.140901e-10
1.579787e-09 2.931500e+02 -1.117587e-10 -1.162291e-09 5.140901e-10
1.599784e-09 2.931500e+02 -1.117587e-10 -1.162291e-09 5.140901e-10
1.619781e-09 2.931500e+02 -1.117587e-10 -1.162291e-09 5.140901e-10
1.639778e-09 2.931500e+02 -1.117587e-10 -1.162291e-09 5.140901e-10
1.659776e-09 2.931500e+02 -1.117587e-10 -1.162291e-09 5.140901e-10
1.679773e-09 2.931500e+02 -1.117587e-10 -1.162291e-09 5.140901e-10
1.699770e-09 2.931500e+02 -1.117587e-10 -1.162291e-09 5.140901e-10
1.719768e-09 2.931500e+02 -1.117587e-10 -1.162291e-09 5.140901e-10
1.739765e-09 2.931500e+02 -1.117587e-10 -1.162291e-09 5.140901e-10
1.759762e-09 2.931500e+02 -1.117587e-10 -1.162291e-09 5.140901e-10
1.779760e-09 2.931500e+02 -1.117587e-10 -1.162291e-09 5.140901e-10
1.799757e-09 2.931500e+02 -1.117587e-10 -1.162291e-09 5.140901e-10
1.819754e-09 2.931500e+02 -1.117587e-10 -1.162291e-09 5.140901e-10
1.839751e-09 2.931500e+02 -1.117587e-10 -1.162291e-09 5.140901e-10
1.859749e-09 2.931500e+02 -1.117587e-10 -1.162291e-09 5.140901e-10
1.879746e-09 2.931500e+02 -1.117587e-10 -1.162291e-09 5.140901e-10
1.899743e-09 2.931500e+02 -1.117587e-10 -1.162291e-09 5.140901e-10
1.919741e-09 2.931500e+02 -1.117587e-10 -1.162291e-09 5.140901e-10
1.939738e-09 2.931500e+02 -1.117587e-10 -1.162291e-09 5.140901e-10
1.959735e-09 2.931500e+02 -1.117587e-10 -1.162291e-09 5.140901e-10
1.979733e-09 2.931500e+02 -1.117587e-10 -1.162291e-09 5.140901e-10
1.999730e-09 2.931500e+02 -1.117587e-10 -1.162291e-09 5.140901e-10
2.019727e-09 2.931500e+02 -1.117587e-10 -1.162291e-09 5.140901e-10
2.039724e-09 2.931500e+02 -1.117587e-10 -1.162291e-09 5.140901e-10
2.059722e-09 2.931500e+02 -1.117587e-10 -1.162291e-09 5.140901e-10
2.079719e-09 2.931500e+02 -1.117587e-10 -1.162291e-09 5.140901e-10
2.099716e-09 2.931500e+02 -1.117587e-10 -1.162291e-09 5.140901e-10
2.119714e-09 2.931500e+02 -1.117587e-10 -1.162291e-09 5.140901e-10
2.139711e-09 2.931500e+02 -1.117587e-10 -1.162291e-09 5.140901e-10
2.159708e-09 2.931500e+02 -1.117587e-10 -1.162291e-09 5.140901e-10
2.179706e-09 2.931500e+02 -1.117587e-10 -1.162291e-09 5.140901e-10
2.199703e-09 2.931500e+02 -1.117587e-10 -1.162291e-09 5.140901e-10
2.219700e-09 2.931500e+02 -1.117587e-10 -1.162291e-09 5.140901e-10
2.239697e-09 2.931500e+02 -1.117587e-10 -1.162291e-09 5.140901e-10
2.259695e-09 2.931500e+02 -1.117587e-10 -1.162291e-09 5.140901e-10
2.279692e-09 2.931500e+02 -1.117587e-10 -1.162291e-09 5.140901e-10
2.299689e-09 2.931500e+02 -1.117587e-10 -1.162291e-09 5.140901e-10
2.319687e-09 2.931500e+02 -1.117587e-10 -1.162291e-09 5.140901e-10
2.339684e-09 2.931500e+02 -1.117587e-10 -1.162291e-09 5.140901e-10
2.359681e-09 2.931500e+02 -1.117587e-10 -1.162291e-09 5.140901e-10
2.379679e-09 2.931500e+02 -1.117587e-10 -1.162291e-09 5.140901e-10
2.399676e-09 2.931500e+02 -1.117587e-10 -1.162291e-09 5.140901e-10
2.419673e-09 2.931500e+02 -1.117587e-10 -1.162291e-09 5.140901e-10
2.439670e-09 2.931500e+02 -1.117587e-10 -1.162291e-09 5.140901e-10
2.459668e-09 2.931500e+02 -1.117587e-10 -1.162291e-09 5.140901e-10
2.479665e-09 2.931500e+02 -1.117587e-10 -1.162291e-09 5.140901e-10
2.499662e-09 2.931500e+02 -1.117587e-10 -1.162291e-09 5.140901e-10
2.519660e-09 2.931500e+02 -1.117587e-10 -1.162291e-09 5.140901e-10
2.539657e-09 2.931500e+02 -1.117587e-10 -1.162291e-09 5.140901e-10
2.559654e-09 2.931500e+02 -1.117587e-10 -1.162291e-09 5.140901e-10
2.579651e-09 2.931500e+02 -1.117587e-10 -1.162291e-09 5.140901e-10
2.599649e-09 2.931500e+02 -1.117587e-10 -1.162291e-09 5.140901e-10
2.619646e-09 2.931500e+02 -1.117587e-10 -1.162291e-09 5.140901e-10
2.639643e-09 2.931500e+02 -1.117587e-10 -1.162291e-09 5.140901e-10
2.659641e-09 2.931500e+02 -1.117587e-10 -1.162291e-09 5.140901e-10
2.679638e-09 2.931500e+02 -1.117587e-10 -1.162291e-09 5.140901e-10
2.699635e-09 2.931500e+02 -1.117587e-10 -1.162291e-09 5.140901e-10
2.719633e-09 2.931500e+02 -1.117587e-10 -1.162291e-09 5.140901e-10
2.739630e-09 2.931500e+02 -1.117587e-10 -1.162291e-09 5.140901e-10
2.759627e-09 2.931500e+02 -1.117587e-10 -1.162291e-09 5.140901e-10
2.779624e-09 2.931500e+02 -1.117587e-10 -1.162291e-09 5.140901e-10
2.799622e-09 2.931500e+02 -1.117587e-10 -1.162291e-09 5.140901e-10
2.819619e-09 2.931500e+02 -1.117587e-10 -1.162291e-09 5.140901e-10
2.839616e-09 2.931500e+02 -1.117587e-10 -1.162291e-09 5.140901e-10
2.859614e-09 2.931500e+02 -1.117587e-10 -1.162291e-09 5.140901e-10
2.879611e-09 2.931500e+02 -1.117587e-10 -1.162291e-09 5.140901e-10
2.899608e-09 2.931500e+02 -1.117587e-10 -1.162291e-09 5.140901e-10
2.919606e-09 2.931500e+02 -1.117587e-10 -1.162291e-09 5.140901e-10
2.939603e-09 2.931500e+02 -1.117587e-10 -1.162291e-09 5.140901e-10
2.959600e-09 2.931500e+02 -1.117587e-10 -1.162291e-09 5.140901e-10
2.979597e-09 2.931500e+02 -1.117587e-10 -1.162291e-09 5.140901e-10
2.999595e-09 2.931500e+02 -1.117587e-10 -1.162291e-09 5.140901e-10
3.019592e-09 2.931500e+02 -1.117587e-10 -1.162291e-09 5.140901e-10
3.039589e-09 2.931500e+02 -1.117587e-10 -1.162291e-09 5.140901e-10
3.059587e-09 2.931500e+02 -1.117587e-10 -1.162291e-09 5.140901e-10
3.079584e-09 2.931500e+02 -1.117587e-10 -1.162291e-09 5.140901e-10
3.099581e-09 2.931500e+02 -1.117587e-10 -1.162291e-09 5.140901e-10
3.119579e-09 2.931500e+02 -1.117587e-10 -1.162291e-09 5.140901e-10
3.139576e-09 2.931500e+02 -1.117587e-10 -1.162291e-09 5.140901e-10
3.159573e-09 2.931500e+02 -1.117587e-10 -1.162291e-09 5.140901e-10
3.179570e-09 2.931500e+02 -1.117587e-10 -1.162291e-09 5.140901e-10
3.199568e-09 2.931500e+02 -1.117587e-10 -1.162291e-09 5.140901e-10
3.219565e-09 2.931500e+02 -1.117587e-10 -1.162291e-09 5.140901e-10
3.239562e-09 2.931500e+02 -1.117587e-10 -1.162291e-09 5.140901e-10
3.259560e-09 2.931500e+02 -1.117587e-10 -1.162291e-09 5.140901e-10
3.279557e-09 2.931500e+02 -1.117587e-10 -1.162291e-09 5.140901e-10
3.299554e-09 2.931500e+02 -1.117587e-10 -1.162291e-09 5.140901e-10
3.319552e-09 2.931500e+02 -1.117587e-10 -1.162291e-09 5.140901e-10
3.339549e-09 2.931500e+02 -1.117587e-10 -1.162291e-09 5.140901e-10
3.359546e-09 2.931500e+02 -1.117587e-10 -1.162291e-09 5.140901e-10
3.379543e-09 2.931500e+02 -1.117587e-10 -1.162291e-09 5.140901e-10
3.399541e-09 2.931500e+02 -1.117587e-10 -1.162291e-09 5.140901e-10
3.419538e-09 2.931500e+02 -1.117587e-10 -1.162291e-09 5.140901e-10
3.439535e-09 2.931500e+02 -1.117587e-10 -1.162291e-09 5.140901e-10
3.459533e-09 2.931500e+02 -1.117587e-10 -1.162291e-09 5.140901e-10
3.479530e-09 2.931500e+02 -1.117587e-10 -1.162291e-09 5.140901e-10
3.499527e-09 2.931500e+02 -1.117587e-10 -1.162291e-09 5.140901e-10
3.519525e-09 2.931500e+02 -1.117587e-10 -1.162291e-09 5.140901e-10
3.539522e-09 2.931500e+02 -1.117587e-10 -1.162291e-09 5.140901e-10
3.559519e-09 2.931500e+02 -1.117587e-10 -1.162291e-09 5.140901e-10
3.579516e-09 2.931500e+02 -1.117587e-10 -1.162291e-09 5.140901e-10
3.599514e-09 2.931500e+02 -1.117587e-10 -1.162291e-09 5.140901e-10
3.619511e-09 2.931500e+02 -1.117587e-10 -1.162291e-09 5.140901e-10
3.639508e-09 2.931500e+02 -1.117587e-10 -1.162291e-09 5.140901e-10
3.659506e-09 2.931500e+02 -1.117587e-10 -1.162291e-09 5.140901e-10
3.679503e-09 2.931500e+02 -1.117587e-10 -1.162291e-09 5.140901e-10
3.699500e-09 2.931500e+02 -1.117587e-10 -1.162291e-09 5.140901e-10
3.719498e-09 2.931500e+02 -1.117587e-10 -1.162291e-09 5.140901e-10
3.739495e-09 2.931500e+02 -1.117587e-10 -1.162291e-09 5.140901e-10
3.759492e-09 2.931500e+02 -1.117587e-10 -1.162291e-09 5.140901e-10
3.779489e-09 2.931500e+02 -1.117587e-10 -1.162291e-09 5.140901e-10
3.799487e-09 2.931500e+02 -1.117587e-10 -1.162291e-09 5.140901e-10
3.819484e-09 2.931500e+02 -1.117587e-10 -1.162291e-09 5.140901e-10
3.839481e-09 2.931500e+02 -1.117587e-10 -1.162291e-09 5.140901e-10
3.859479e-09 2.931500e+02 -1.117587e-10 -1.162291e-09 5.140901e-10
3.879476e-09 2.931500e+02 -1.117587e-10 -1.162291e-09 5.140901e-10
3.899473e-09 2.931500e+02 -1.117587e-10 -1.162291e-09 5.140901e-10
3.919470e-09 2.931500e+02 -1.117587e-10 -1.162291e-09 5.140901e-10
3.939468e-09 2.931500e+02 -1.117587e-10 -1.162291e-09 5.140901e-10
3.959465e-09 2.931500e+02 -1.117587e-10 -1.162291e-09 5.140901e-10
3.979462e-09 2.931500e+02 -1.117587e-10 -1.162291e-09 5.140901e-10
3.999460e-09 2.931500e+02 -1.117587e-10 -1.162291e-09 5.140901e-10
4.019457e-09 2.931500e+02 -1.117587e-10 -1.162291e-09 5.140901e-10
4.039454e-09 2.931500e+02 -1.117587e-10 -1.162291e-09 5.140901e-10
4.059452e-09 2.931500e+02 -1.117587e-10 -1.162291e-09 5.140901e-10
4.079449e-09 2.931500e+02 -1.117587e-10 -1.162291e-09 5.140901e-10
4.099446e-09 2.931500e+02 -1.117587e-10 -1.162291e-09 5.140901e-10
4.119443e-09 2.931500e+02 -1.117587e-10 -1.162291e-09 5.140901e-10
4.139441e-09 2.931500e+02 -1.117587e-10 -1.162291e-09 5.140901e-10
4.159438e-09 2.931500e+02 -1.117587e-10 -1.162291e-09 5.140901e-10
4.179435e-09 2.931500e+02 -1.117587e-10 -1.162291e-09 5.140901e-10
4.199433e-09 2.931500e+02 -1.117587e-10 -1.162291e-09 5.140901e-10
4.219430e-09 2.931500e+02 -1.117587e-10 -1.162291e-09 5.140901e-10
4.239427e-09 2.931500e+02 -1.117587e-10 -1.162291e-09 5.140901e-10
4.259425e-09 2.931500e+02 -1.117587e-10 -1.162291e-09 5.140901e-10
4.279422e-09 2.931500e+02 -1.117587e-10 -1.162291e-09 5.140901e-10
4.299419e-09 2.931500e+02 -1.117587e-10 -1.162291e-09 5.140901e-10
4.319416e-09 2.931500e+02 -1.117587e-10 -1.162291e-09 5.140901e-10
4.339414e-09 2.931500e+02 -1.117587e-10 -1.162291e-09 5.140901e-10
4.359411e-09 2.931500e+02 -1.117587e-10 -1.162291e-09 5.140901e-10
4.379408e-09 2.931500e+02 -1.117587e-10 -1.162291e-09 5.140901e-10
4.399406e-09 2.931500e+02 -1.117587e-10 -1.162291e-09 5.140901e-10
4.419403e-09 2.931500e+02 -1.117587e-10 -1.162291e-09 5.140901e-10
4.439400e-09 2.931500e+02 -1.117587e-10 -1.162291e-09 5.140901e-10
4.459398e-09 2.931500e+02 -1.117587e-10 -1.162291e-09 5.140901e-10
4.479395e-09 2.931500e+02 -1.117587e-10 -1.162291e-09 5.140901e-10
4.499392e-09 2.931500e+02 -1.117587e-10 -1.162291e-09 5.140901e-10
4.519389e-09 2.931500e+02 -1.117587e-10 -1.162291e-09 5.140901e-10
4.539387e-09 2.931500e+02 -1.117587e-10 -1.162291e-09 5.140901e-10
4.559384e-09 2.931500e+02 -1.117587e-10 -1.162291e-09 5.140901e-10
4.579381e-09 2.931500e+02 -1.117587e-10 -1.162291e-09 5.140901e-10
4.599379e-09 2.931500e+02 -1.117587e-10 -1.162291e-09 5.140901e-10
4.619376e-09 2.931500e+02 -1.117587e-10 -1.162291e-09 5.140901e-10
4.639373e-09 2.931500e+02 -1.117587e-10 -1.162291e-09 5.140901e-10
4.659371e-09 2.931500e+02 -1.117587e-10 -1.162291e-09 5.140901e-10
4.679368e-09 2.931500e+02 -1.117587e-10 -1.162291e-09 5.140901e-10
4.699365e-09 2.931500e+02 -1.117587e-10 -1.162291e-09 5.140901e-10
4.719362e-09 2.931500e+02 -1.117587e-10 -1.162291e-09 5.140901e-10
4.739360e-09 2.931500e+02 -1.117587e-10 -1.162291e-09 5.140901e-10
4.759357e-09 2.931500e+02 -1.117587e-10 -1.162291e-09 5.140901e-10
4.779354e-09 2.931500e+02 -1.117587e-10 -1.162291e-09 5.140901e-10
4.799352e-09 2.931500e+02 -1.117587e-10 -1.162291e-09 5.140901e-10
4.819349e-09 2.931500e+02 -1.117587e-10 -1.162291e-09 5.140901e-10
4.839346e-09 2.931500e+02 -1.117587e-10 -1.162291e-09 5.140901e-10
4.859344e-09 2.931500e+02 -1.117587e-10 -1.162291e-09 5.140901e-10
4.879341e-09 2.931500e+02 -1.117587e-10 -1.162291e-09 5.140901e-10
4.899338e-09 2.931500e+02 -1.117587e-10 -1.162291e-09 5.140901e-10
4.919335e-09 2.931500e+02 -1.117587e-10 -1.162291e-09 5.140901e-10
4.939333e-09 2.931500e+02 -1.117587e-10 -1.162291e-09 5.140901e-10
4.959330e-09 2.931500e+02 -1.117587e-10 -1.162291e-09 5.140901e-10
4.979327e-09 2.931500e+02 -1.117587e-10 -1.162291e-09 5.140901e-10
4.999325e-09 2.931500e+02 -1.117587e-10 -1.162291e-09 5.140901e-10
5.019322e-09 2.931500e+02 -1.117587e-10 -1.162291e-09 5.140901e-10
5.039319e-09 2.931500e+02 -1.117587e-10 -1.162291e-09 5.140901e-10
5.059317e-09 2.931500e+02 -1.117587e-10 -1.162291e-09 5.140901e-10
5.079314e-09 2.931500e+02 -1.117587e-10 -1.162291e-09 5.140901e-10
5.099311e-09 2.931500e+02 -1.117587e-10 -1.162291e-09 5.140901e-10
5.119308e-09 2.931500e+02 -1.117587e-10 -1.162291e-09 5.140901e-10
5.139306e-09 2.931500e+02 -1.117587e-10 -1.162291e-09 5.140901e-10
5.159303e-09 2.931500e+02 -1.117587e-10 -1.162291e-09 5.140901e-10
5.179300e-09 2.931500e+02 -1.117587e-10 -1.162291e-09 5.140901e-10
5.199298e-09 2.931500e+02 -1.117587e-10 -1.162291e-09 5.140901e-10
5.219295e-09 2.931500e+02 -1.117587e-10 -1.162291e-09 5.140901e-10
5.239292e-09 2.931500e+02 -1.117587e-10 -1.162291e-09 5.140901e-10
5.259289e-09 2.931500e+02 -1.117587e-10 -1.162291e-09 5.140901e-10
5.279287e-09 2.931500e+02 -1.117587e-10 -1.162291e-09 5.140901e-10
5.299284e-09 2.931500e+02 -1.117587e-10 -1.162291e-09 5.140901e-10
5.319281e-09 2.931500e+02 -1.117587e-10 -1.162291e-09 5.140901e-10
5.339279e-09 2.931500e+02 -1.117587e-10 -1.162291e-09 5.140901e-10
5.359276e-09 2.931500e+02 -1.117587e-10 -1.162291e-09 5.140901e-10
5.379273e-09 2.931500e+02 -1.117587e-10 -1.162291e-09 5.140901e-10
5.399271e-09 2.931500e+02 -1.117587e-10 -1.162291e-09 5.140901e-10
5.419268e-09 2.931500e+02 -1.117587e-10 -1.162291e-09 5.140901e-10
5.439265e-09 2.931500e+02 -1.117587e-10 -1.162291e-09 5.140901e-10
5.459262e-09 2.931500e+02 -1.117587e-10 -1.162291e-09 5.140901e-10
5.479260e-09 2.931500e+02 -1.117587e-10 -1.162291e-09 5.140901e-10
5.499257e-09 2.931500e+02 -1.117587e-10 -1.162291e-09 5.140901e-10
5.519254e-09 2.931500e+02 -1.117587e-10 -1.162291e-09 5.140901e-10
5.539252e-09 2.931500e+02 -1.117587e-10 -1.162291e-09 5.140901e-10
5.559249e-09 2.931500e+02 -1.117587e-10 -1.162291e-09 5.140901e-10
5.579246e-09 2.931500e+02 -1.117587e-10 -1.162291e-09 5.140901e-10
5.599244e-09 2.931500e+02 -1.117587e-10 -1.162291e-09 5.140901e-10
5.619241e-09 2.931500e+02 -1.117587e-10 -1.162291e-09 5.140901e-10
5.639238e-09 2.931500e+02 -1.117587e-10 -1.162291e-09 5.140901e-10
5.659235e-09 2.931500e+02 -1.117587e-10 -1.162291e-09 5.140901e-10
5.679233e-09 2.931500e+02 -1.117587e-10 -1.162291e-09 5.140901e-10
5.699230e-09 2.931500e+02 -1.117587e-10 -1.162291e-09 5.140901e-10
5.719227e-09 2.931500e+02 -1.117587e-10 -1.162291e-09 5.140901e-10
5.739225e-09 2.931500e+02 -1.117587e-10 -1.162291e-09 5.140901e-10
5.759222e-09 2.931500e+02 -1.117587e-10 -1.162291e-09 5.140901e-10
5.779219e-09 2.931500e+02 -1.117587e-10 -1.162291e-09 5.140901e-10
5.799217e-09 2.931500e+02 -1.117587e-10 -1.162291e-09 5.140901e-10
5.819214e-09 2.931500e+02 -1.117587e-10 -1.162291e-09 5.140901e-10
5.839211e-09 2.931500e+02 -1.117587e-10 -1.162291e-09 5.140901e-10
5.859208e-09 2.931500e+02 -1.117587e-10 -1.162291e-09 5.140901e-10
5.879206e-09 2.931500e+02 -1.117587e-10 -1.162291e-09 5.140901e-10
5.899203e-09 2.931500e+02 -1.117587e-10 -1.162291e-09 5.140901e-10
5.919200e-09 2.931500e+02 -1.117587e-10 -1.162291e-09 5.140901e-10
5.939198e-09 2.931500e+02 -1.117587e-10 -1.162291e-09 5.140901e-10
5.959195e-09 2.931500e+02 -1.117587e-10 -1.162291e-09 5.140901e-10
5.979192e-09 2.931500e+02 -1.117587e-10 -1.162291e-09 5.140901e-10
5.999190e-09 2.931500e+02 -1.117587e-10 -1.162291e-09 5.140901e-10
6.019187e-09 2.931500e+02 -1.117587e-10 -1.162291e-09 5.140901e-10
6.039184e-09 2.931500e+02 -1.117587e-10 -1.162291e-09 5.140901e-10
6.059181e-09 2.931500e+02 -1.117587e-10 -1.162291e-09 5.140901e-10
6.079179e-09 2.931500e+02 -1.117587e-10 -1.162291e-09 5.140901e-10
6.099176e-09 2.931500e+02 -1.117587e-10 -1.162291e-09 5.140901e-10
6.119173e-09 2.931500e+02 -1.117587e-10 -1.162291e-09 5.140901e-10
6.139171e-09 2.931500e+02 -1.117587e-10 -1.162291e-09 5.140901e-10
6.159168e-09 2.931500e+02 -1.117587e-10 -1.162291e-09 5.140901e-10
6.179165e-09 2.931500e+02 -1.117587e-10 -1.162291e-09 5.140901e-10
6.199163e-09 2.931500e+02 -1.117587e-10 -1.162291e-09 5.140901e-10
6.219160e-09 2.931500e+02 -1.117587e-10 -1.162291e-09 5.140901e-10
6.239157e-09 2.931500e+02 -1.117587e-10 -1.162291e-09 5.140901e-10
6.259154e-09 2.931500e+02 -1.117587e-10 -1.162291e-09 5.140901e-10
6.279152e-09 2.931500e+02 -1.117587e-10 -1.162291e-09 5.140901e-10
6.299149e-09 2.931500e+02 -1.117587e-10 -1.162291e-09 5.140901e-10
6.319146e-09 2.931500e+02 -1.117587e-10 -1.162291e-09 5.140901e-10
6.339144e-09 2.931500e+02 -1.117587e-10 -1.162291e-09 5.140901e-10
6.359141e-09 2.931500e+02 -1.117587e-10 -1.162291e-09 5.140901e-10
6.379138e-09 2.931500e+02 -1.117587e-10 -1.162291e-09 5.140901e-10
6.399135e-09 2.931500e+02 -1.117587e-10 -1.162291e-09 5.140901e-10
6.419133e-09 2.931500e+02 -1.117587e-10 -1.162291e-09 5.140901e-10
6.439130e-09 2.931500e+02 -1.117587e-10 -1.162291e-09 5.140901e-10
6.459127e-09 2.931500e+02 -1.117587e-10 -1.162291e-09 5.140901e-10
6.479125e-09 2.931500e+02 -1.117587e-10 -1.162291e-09 5.140901e-10
6.499122e-09 2.931500e+02 -1.117587e-10 -1.162291e-09 5.140901e-10
6.519119e-09 2.931500e+02 -1.117587e-10 -1.162291e-09 5.140901e-10
6.539117e-09 2.931500e+02 -1.117587e-10 -1.162291e-09 5.140901e-10
6.559114e-09 2.931500e+02 -1.117587e-10 -1.162291e-09 5.140901e-10
6.579111e-09 2.931500e+02 -1.117587e-10 -1.162291e-09 5.140901e-10
6.599108e-09 2.931500e+02 -1.117587e-10 -1.162291e-09 5.140901e-10
6.619106e-09 2.931500e+02 -1.117587e-10 -1.162291e-09 5.140901e-10
6.639103e-09 2.931500e+02 -1.117587e-10 -1.162291e-09 5.140901e-10
6.659100e-09 2.931500e+02 -1.117587e-10 -1.162291e-09 5.140901e-10
6.679098e-09 2.931500e+02 -1.117587e-10 -1.162291e-09 5.140901e-10
6.699095e-09 2.931500e+02 -1.117587e-10 -1.162291e-09 5.140901e-10
6.719092e-09 2.931500e+02 -1.117587e-10 -1.162291e-09 5.140901e-10
6.739090e-09 2.931500e+02 -1.117587e-10 -1.162291e-09 5.140901e-10
6.759087e-09 2.931500e+02 -1.117587e-10 -1.162291e-09 5.140901e-10
6.779084e-09 2.931500e+02 -1.117587e-10 -1.162291e-09 5.140901e-10
6.799081e-09 2.931500e+02 -1.117587e-10 -1.162291e-09 5.140901e-10
6.819079e-09 2.931500e+02 -1.117587e-10 -1.162291e-09 5.140901e-10
6.839076e-09 2.931500e+02 -1.117587e-10 -1.162291e-09 5.140901e-10
6.859073e-09 2.931500e+02 -1.117587e-10 -1.162291e-09 5.140901e-10
6.879071e-09 2.931500e+02 -1.117587e-10 -1.162291e-09 5.140901e-10
6.899068e-09 2.931500e+02 -1.117587e-10 -1.162291e-09 5.140901e-10
6.919065e-09 2.931500e+02 -1.117587e-10 -1.162291e-09 5.140901e-10
6.939063e-09 2.931500e+02 -1.117587e-10 -1.162291e-09 5.140901e-10
6.959060e-09 2.931500e+02 -1.117587e-10 -1.162291e-09 5.140901e-10
6.979057e-09 2.931500e+02 -1.117587e-10 -1.162291e-09 5.140901e-10
6.999054e-09 2.931500e+02 -1.117587e-10 -1.162291e-09 5.140901e-10
7.019052e-09 2.931500e+02 -1.117587e-10 -1.162291e-09 5.140901e-10
7.039049e-09 2.931500e+02 -1.117587e-10 -1.162291e-09 5.140901e-10
7.059046e-09 2.931500e+02 -1.117587e-10 -1.162291e-09 5.140901e-10
7.079044e-09 2.931500e+02 -1.117587e-10 -1.162291e-09 5.140901e-10
7.099041e-09 2.931500e+02 -1.117587e-10 -1.162291e-09 5.140901e-10
7.119038e-09 2.931500e+02 -1.117587e-10 -1.162291e-09 5.140901e-10
7.139036e-09 2.931500e+02 -1.117587e-10 -1.162291e-09 5.140901e-10
7.159033e-09 2.931500e+02 -1.117587e-10 -1.162291e-09 5.140901e-10
7.179030e-09 2.931500e+02 -1.117587e-10 -1.162291e-09 5.140901e-10
7.199027e-09 2.931500e+02 -1.117587e-10 -1.162291e-09 5.140901e-10
7.219025e-09 2.931500e+02 -1.117587e-10 -1.162291e-09 5.140901e-10
7.239022e-09 2.931500e+02 -1.117587e-10 -1.162291e-09 5.140901e-10
7.259019e-09 2.931500e+02 -1.117587e-10 -1.162291e-09 5.140901e-10
7.279017e-09 2.931500e+02 -1.117587e-10 -1.162291e-09 5.140901e-10
7.299014e-09 2.931500e+02 -1.117587e-10 -1.162291e-09 5.140901e-10
7.319011e-09 2.931500e+02 -1.117587e-10 -1.162291e-09 5.140901e-10
7.339009e-09 2.931500e+02 -1.117587e-10 -1.162291e-09 5.140901e-10
7.359006e-09 2.931500e+02 -1.117587e-10 -1.162291e-09 5.140901e-10
7.379003e-09 2.931500e+02 -1.117587e-10 -1.162291e-09 5.140901e-10
7.399000e-09 2.931500e+02 3.553927e-09 -2.369285e-09 8.940697e-11
7.418998e-09 2.931500e+02 1.567683e-04 -5.116577e-05 -1.734824e-05
7.438995e-09 2.931500e+02 3.828091e+00 -1.249368e+00 -4.236267e-01
7.458992e-09 2.931511e+02 9.347554e+04 -3.050746e+04 -1.034425e+04
7.478990e-09 3.210507e+02 2.282516e+09 -7.449409e+08 -2.525893e+08
7.498987e-09 6.815807e+05 5.573519e+13 -1.819020e+13 -6.167805e+12
7.518984e-09 1.663590e+10 1.360960e+18 -4.441742e+17 -1.506074e+17
7.538982e-09 4.062206e+14 3.323235e+22 -1.084599e+22 -3.677580e+21
7.558979e-09 9.919224e+18 8.114780e+26 -2.648408e+26 -8.980032e+25
7.578976e-09 2.422108e+23 1.981493e+31 -6.466966e+30 -2.192773e+30
7.598973e-09 5.914380e+27 4.838473e+35 -1.579124e+35 -5.354383e+34
7.618971e-09 1.444192e+32 1.181474e+40 -3.855956e+39 -1.307450e+39
7.638968e-09 3.526474e+36 2.884960e+44 -9.415596e+43 -3.192574e+43
7.658965e-09 8.611058e+40 7.044587e+48 -2.299130e+48 -7.795728e+47
7.678963e-09 2.102675e+45 1.720170e+53 -5.614090e+52 -1.903586e+52
7.698960e-09 5.134380e+49 4.200365e+57 -1.370866e+57 -4.648236e+56
7.718957e-09 1.253729e+54 1.025659e+62 -3.347425e+61 -1.135021e+61
7.738954e-09 3.061396e+58 2.504486e+66 -8.173849e+65 -2.771531e+65
7.758952e-09 7.475414e+62 6.115533e+70 -1.995916e+70 -6.767612e+69
7.778949e-09 1.825370e+67 1.493310e+75 -4.873692e+74 -1.652537e+74
7.798946e-09 4.457248e+71 3.646413e+79 -1.190074e+79 -4.035218e+78
7.818944e-09 1.088385e+76 8.903927e+83 -2.905960e+83 -9.853323e+82
7.838941e-09 2.657653e+80 2.174189e+88 -7.095866e+87 -2.406016e+87
7.858938e-09 6.489542e+84 5.309005e+92 -1.732691e+92 -5.875086e+91
7.878936e-09 1.584637e+89 1.296370e+97 -4.230940e+96 -1.434597e+96
7.898933e-09 3.869417e+93 3.165517e+101 -1.033124e+101 -3.503045e+100
7.918930e-09 9.448466e+97 7.729660e+105 -2.522716e+105 -8.553847e+104
7.938927e-09 2.307157e+102 1.887453e+110 -6.160049e+109 -2.088706e+109
7.958925e-09 5.633688e+106 4.608843e+114 -1.504180e+114 -5.100268e+113
7.978922e-09 1.375652e+111 1.125402e+119 -3.672955e+118 -1.245400e+118
7.998919e-09 3.359111e+115 2.748042e+123 -8.968740e+122 -3.041057e+122
8.018917e-09 8.202384e+119 6.710257e+127 -2.190015e+127 -7.425749e+126
8.038914e-09 2.002884e+124 1.638532e+132 -5.347649e+131 -1.813243e+131
8.058911e-09 4.890706e+128 4.001019e+136 -1.305806e+136 -4.427635e+135
8.078909e-09 1.194228e+133 9.769816e+140 -3.188559e+140 -1.081154e+140
8.098906e-09 2.916105e+137 2.385625e+145 -7.785925e+144 -2.639996e+144
8.118903e-09 7.120637e+141 5.825295e+149 -1.901192e+149 -6.446426e+148
8.138900e-09 1.738740e+146 1.422439e+154 -4.642391e+153 -1.574109e+153
8.158898e-09 4.245710e+150 3.473357e+158 -1.133594e+158 -3.843709e+157
8.178895e-09 1.036731e+155 8.481354e+162 -2.768045e+162 -9.385692e+161
8.198892e-09 2.531523e+159 2.071004e+167 -6.759101e+166 -2.291828e+166
8.218890e-09 6.181553e+163 5.057043e+171 -1.650459e+171 -5.596259e+170
8.238887e-09 1.509431e+168 1.234845e+176 -4.030143e+175 -1.366512e+175
8.258884e-09 3.685778e+172 3.015284e+180 -9.840932e+179 -3.336793e+179
8.278882e-09 9.000049e+176 7.362816e+184 -2.402990e+184 -8.147888e+183
8.298879e-09 2.197661e+181 1.797876e+189 -5.867698e+188 -1.989577e+188
8.318876e-09 5.366318e+185 4.390111e+193 -1.432793e+193 -4.858213e+192
8.338873e-09 1.310365e+190 1.071991e+198 -3.498640e+197 -1.186294e+197
8.358871e-09 3.199690e+194 2.617622e+202 -8.543090e+201 -2.896730e+201
8.378868e-09 7.813105e+198 6.391793e+206 -2.086079e+206 -7.073329e+205
8.398865e-09 1.907829e+203 1.560768e+211 -5.093854e+210 -1.727188e+210
8.418863e-09 4.658597e+207 3.811134e+215 -1.243834e+215 -4.217503e+214
8.438860e-09 1.137551e+212 9.306149e+219 -3.037232e+219 -1.029843e+219
8.458857e-09 2.777709e+216 2.272405e+224 -7.416411e+223 -2.514704e+223
8.478855e-09 6.782697e+220 5.548831e+228 -1.810963e+228 -6.140484e+227
8.498852e-09 1.656221e+225 1.354931e+233 -4.422067e+232 -1.499403e+232
8.518849e-09          nan          nan          nan          nan
8.538846e-09          nan          nan          nan          nan
8.558844e-09          nan          nan          nan          nan
8.578841e-09          nan          nan          nan          nan
8.598838e-09          nan          nan          nan          nan
8.618836e-09          nan          nan          nan          nan
8.638833e-09          nan          nan          nan          nan
8.658830e-09          nan          nan          nan          nan
8.678828e-09          nan          nan          nan          nan
8.698825e-09          nan          nan          nan          nan
8.718822e-09          nan          nan          nan          nan
8.738819e-09          nan          nan          nan          nan
8.758817e-09          nan          nan          nan          nan
8.778814e-09          nan          nan          nan          nan
8.798811e-09          nan          nan          nan          nan
8.818809e-09          nan          nan          nan          nan
8.838806e-09          nan          nan          nan          nan
8.858803e-09          nan          nan          nan          nan
8.878801e-09          nan          nan          nan          nan
8.898798e-09          nan          nan          nan          nan
8.918795e-09          nan          nan          nan          nan
8.938792e-09          nan          nan          nan          nan
8.958790e-09          nan          nan          nan          nan
8.978787e-09          nan          nan          nan          nan
8.998784e-09          nan          nan          nan          nan
9.018782e-09          nan          nan          nan          nan
9.038779e-09          nan          nan          nan          nan
9.058776e-09          nan          nan          nan          nan
9.078773e-09          nan          nan          nan          nan
9.098771e-09          nan          nan          nan          nan
9.118768e-09          nan          nan          nan          nan
9.138765e-09          nan          nan          nan          nan
9.158763e-09          nan          nan          nan          nan
9.178760e-09          nan          nan          nan          nan
9.198757e-09          nan          nan          nan          nan
9.218755e-09          nan          nan          nan          nan
9.238752e-09          nan          nan          nan          nan
9.258749e-09          nan          nan          nan          nan
9.278746e-09          nan          nan          nan          nan
9.298744e-09          nan          nan          nan          nan
9.318741e-09          nan          nan          nan          nan
9.338738e-09          nan          nan          nan          nan
9.358736e-09          nan          nan          nan          nan
9.378733e-09          nan          nan          nan          nan
9.398730e-09          nan          nan          nan          nan
9.418728e-09          nan          nan          nan          nan
9.438725e-09          nan          nan          nan          nan
9.458722e-09          nan          nan          nan          nan
9.478719e-09          nan          nan          nan          nan
9.498717e-09          nan          nan          nan          nan
9.518714e-09          nan          nan          nan          nan
9.538711e-09          nan          nan          nan          nan
9.558709e-09          nan          nan          nan          nan
9.578706e-09          nan          nan          nan          nan
9.598703e-09          nan          nan          nan          nan
9.618701e-09          nan          nan          nan          nan
9.638698e-09          nan          nan          nan          nan
9.658695e-09          nan          nan          nan          nan
9.678692e-09          nan          nan          nan          nan
9.698690e-09          nan          nan          nan          nan
9.718687e-09          nan          nan          nan          nan
9.738684e-09          nan          nan          nan          nan
9.758682e-09          nan          nan          nan          nan
9.778679e-09          nan          nan          nan          nan
9.798676e-09          nan          nan          nan          nan
9.818674e-09          nan          nan          nan          nan
9.838671e-09          nan          nan          nan          nan
9.858668e-09          nan          nan          nan          nan
9.878665e-09          nan          nan          nan          nan
9.898663e-09          nan          nan          nan          nan
9.918660e-09          nan          nan          nan          nan
9.938657e-09          nan          nan          nan          nan
9.958655e-09          nan          nan          nan          nan
9.978652e-09          nan          nan          nan          nan
9.998649e-09          nan          nan          nan          nan
1.001865e-08          nan          nan          nan          nan
1.003864e-08          nan          nan          nan          nan
1.005864e-08          nan          nan          nan          nan
1.007864e-08          nan          nan          nan          nan
1.009864e-08          nan          nan          nan          nan
1.011863e-08          nan          nan          nan          nan
1.013863e-08          nan          nan          nan          nan
1.015863e-08          nan          nan          nan          nan
1.017862e-08          nan          nan          nan          nan
1.019862e-08          nan          nan          nan          nan
1.021862e-08          nan          nan          nan          nan
1.023862e-08          nan          nan          nan          nan
1.025861e-08          nan          nan          nan          nan
1.027861e-08          nan          nan          nan          nan
1.029861e-08          nan          nan          nan          nan
1.031861e-08          nan          nan          nan          nan
1.033860e-08          nan          nan          nan          nan
1.035860e-08          nan          nan          nan          nan
1.037860e-08          nan          nan          nan          nan
1.039860e-08          nan          nan          nan          nan
1.041859e-08          nan          nan          nan          nan
1.043859e-08          nan          nan          nan          nan
1.045859e-08          nan          nan          nan          nan
1.047858e-08          nan          nan          nan          nan
1.049858e-08          nan          nan          nan          nan
1.051858e-08          nan          nan          nan          nan
1.053858e-08          nan          nan          nan          nan
1.055857e-08          nan          nan          nan          nan
1.057857e-08          nan          nan          nan          nan
1.059857e-08          nan          nan          nan          nan
1.061857e-08          nan          nan          nan          nan
1.063856e-08          nan          nan          nan          nan
1.065856e-08          nan          nan          nan          nan
1.067856e-08          nan          nan          nan          nan
1.069855e-08          nan          nan          nan          nan
1.071855e-08          nan          nan          nan          nan
1.073855e-08          nan          nan          nan          nan
1.075855e-08          nan          nan          nan          nan
1.077854e-08          nan          nan          nan          nan
1.079854e-08          nan          nan          nan          nan
1.081854e-08          nan          nan          nan          nan
1.083854e-08          nan          nan          nan          nan
1.085853e-08          nan          nan          nan          nan
1.087853e-08          nan          nan          nan          nan
1.089853e-08          nan          nan          nan          nan
1.091852e-08          nan          nan          nan          nan
1.093852e-08          nan          nan          nan          nan
1.095852e-08          nan          nan          nan          nan
1.097852e-08          nan          nan          nan          nan
1.099851e-08          nan          nan          nan          nan
1.101851e-08          nan          nan          nan          nan
1.103851e-08          nan          nan          nan          nan
1.105851e-08          nan          nan          nan          nan
1.107850e-08          nan          nan          nan          nan
1.109850e-08          nan          nan          nan          nan
1.111850e-08          nan          nan          nan          nan
1.113850e-08          nan          nan          nan          nan
1.115849e-08          nan          nan          nan          nan
1.117849e-08          nan          nan          nan          nan
1.119849e-08          nan          nan          nan          nan
1.121848e-08          nan          nan          nan          nan
1.123848e-08          nan          nan          nan          nan
1.125848e-08          nan          nan          nan          nan
1.127848e-08          nan          nan          nan          nan
1.129847e-08          nan          nan          nan          nan
1.131847e-08          nan          nan          nan          nan
1.133847e-08          nan          nan          nan          nan
1.135847e-08          nan          nan          nan          nan
1.137846e-08          nan          nan          nan          nan
1.139846e-08          nan          nan          nan          nan
1.141846e-08          nan          nan          nan          nan
1.143845e-08          nan          nan          nan          nan
1.145845e-08          nan          nan          nan          nan
1.147845e-08          nan          nan          nan          nan
1.149845e-08          nan          nan          nan          nan
1.151844e-08          nan          nan          nan          nan
1.153844e-08          nan          nan          nan          nan
1.155844e-08          nan          nan          nan          nan
1.157844e-08          nan          nan          nan          nan
1.159843e-08          nan          nan          nan          nan
1.161843e-08          nan          nan          nan          nan
1.163843e-08          nan          nan          nan          nan
1.165842e-08          nan          nan          nan          nan
1.167842e-08          nan          nan          nan          nan
1.169842e-08          nan          nan          nan          nan
1.171842e-08          nan          nan          nan          nan
1.173841e-08          nan          nan          nan          nan
1.175841e-08          nan          nan          nan          nan
1.177841e-08          nan          nan          nan          nan
1.179841e-08          nan          nan          nan          nan
1.181840e-08          nan          nan          nan          nan
1.183840e-08          nan          nan          nan          nan
1.185840e-08          nan          nan          nan          nan
1.187840e-08          nan          nan          nan          nan
1.189839e-08          nan          nan          nan          nan
1.191839e-08          nan          nan          nan          nan
1.193839e-08          nan          nan          nan          nan
1.195838e-08          nan          nan          nan          nan
1.197838e-08          nan          nan          nan          nan
1.199838e-08          nan          nan          nan          nan
